25 33
00000000000000000000000000
01001100110011001100110010
01001100110011001100110010
01001100110011001100110010
01001100110011001100110010
01001100110011001100110010
01001100110011001100110010
01001100110011001100110010
01001100110011001100110010
01001100110011001100110010
01001100110011001100110010
01001100110011001100110010
01001100110011001100110010
01001100110011001100110010
01001100110011001100110010
01001100110011001100110010
00000000000000000000000000
01001100110011001100110010
01001100110011001100110010
01001100110011001100110010
01001100110011001100110010
01001100110011001100110010
01001100110011001100110010
01001100110011001100110010
01001100110011001100110010
01001100110011001100110010
01001100110011001100110010
01001100110011001100110010
01001100110011001100110010
01001100110011001100110010
01001100110011001100110010
01001100110011001100110010
00000000000000000000000000